spawns:
  default:
    world: 21fedc41-c1cf-466a-bc89-23d979ffe576
    world-name: world
    x: 483.44770995566324
    y: 65.0
    z: 387.3590295856589
    yaw: -170.39971923828125
    pitch: -3.5999419689178467
